mj
1+5
x<-c(1,5,6,7)
tarea
